0.158530 0.486901
0.042532 0.562202
0.792202 0.762825
0.738013 0.827616
0.615232 0.064454
0.107092 0.863317
0.395908 0.043916
0.848473 0.112317
0.095420 0.786050
0.684045 0.631946
0.771410 0.386939
0.997176 0.122313
0.758012 0.929986
0.762533 0.084336
0.533326 0.509709
0.636874 0.972299
0.950162 0.341602
0.441805 0.922723
0.374015 0.653670
0.778271 0.564235
0.671664 0.493681
0.052601 0.617204
0.924451 0.805943
0.765215 0.477260
0.202208 0.132361
0.515627 0.743434
0.726965 0.074768
0.811187 0.699469
0.279975 0.219012
0.432028 0.086015
0.761284 0.565975
0.800981 0.111699
0.397958 0.640721
0.534756 0.542728
0.215252 0.358151
0.111487 0.883491
0.034437 0.412054
0.379750 0.114754
0.441644 0.424156
0.455495 0.191372
0.883997 0.340742
0.405828 0.518063
0.292495 0.596652
0.002402 0.919627
0.405497 0.379956
0.742196 0.201104
0.272321 0.925283
0.279752 0.253704
0.253414 0.139821
0.762533 0.084336
0.392490 0.803965
0.201671 0.023183
0.609499 0.326418
0.408944 0.280827
0.674240 0.344163
0.332389 0.250458
0.082906 0.327106
0.077279 0.761790
0.042681 0.664200
0.106006 0.832295
0.327990 0.733889
0.667471 0.165028
0.677804 0.926069
0.996673 0.259360
0.573410 0.579200
0.421273 0.571400
0.463559 0.187845
0.130020 0.568147
0.762709 0.908728
0.507383 0.707865
0.238117 0.347525
0.619375 0.348913
0.722820 0.843946
0.647478 0.340225
0.444092 0.989274
0.810728 0.578885
0.640736 0.908365
0.590462 0.133695
0.557636 0.917234
0.877854 0.628368
0.352251 0.527682
0.001319 0.453968
0.925306 0.412045
0.459003 0.037425
0.196685 0.863969
0.580991 0.831431
0.887617 0.495244
0.276560 0.910786
0.441488 0.394066
0.483670 0.061173
0.318183 0.736693
0.931086 0.028636
0.530642 0.892334
0.347933 0.161464
0.957348 0.390190
0.311134 0.020936
0.660756 0.727921
0.508105 0.663342
0.169222 0.892430
0.310263 0.202943
0.438764 0.636692
0.202267 0.953977
0.001028 0.010452
0.792647 0.919583
0.625142 0.377996
0.843316 0.646461
0.673651 0.172755
0.998684 0.496322
0.216530 0.936410
0.669476 0.198679
0.882317 0.769212
0.832015 0.144204
0.371683 0.178623
0.340678 0.253929
0.536296 0.454963
0.719356 0.416711
0.934651 0.125615
0.297199 0.425933
0.816531 0.743421
0.984556 0.066090
0.559095 0.250287
0.946981 0.500900
0.680112 0.423567
0.928276 0.396820
0.687639 0.460705
0.998031 0.279303
0.190495 0.586672
0.054709 0.463863
0.890175 0.679098
0.502306 0.530019
0.302363 0.297621
0.136731 0.713357
0.315023 0.176785
0.427488 0.779494
0.980058 0.195976
0.060907 0.913408
0.256845 0.075174
0.823067 0.908579
0.778461 0.561954
0.643746 0.472647
0.095232 0.672994
0.897120 0.779711
0.265256 0.632452
0.860611 0.494189
0.107860 0.509922
0.570205 0.367073
0.913461 0.202306
0.178699 0.162670
0.912127 0.326746
0.322781 0.112412
0.343141 0.795911
0.935493 0.311998
0.539173 0.332238
0.402538 0.479154
0.041215 0.944375
0.954082 0.271498
0.394194 0.436878
0.708067 0.927478
0.938254 0.353360
0.836779 0.338086
0.606951 0.363600
0.915267 0.783010
0.471178 0.996764
0.628420 0.472139
0.526387 0.795699
0.662892 0.721783
0.010765 0.421401
0.790754 0.064718
0.363251 0.972075
0.863644 0.844133
0.782871 0.797839
0.679353 0.873790
0.234636 0.389950
0.457232 0.560170
0.662267 0.502543
0.964410 0.477123
0.114350 0.525231
0.171784 0.759501
0.468006 0.266493
0.686868 0.839491
0.443002 0.730667
0.110027 0.987837
0.639220 0.175419
0.891262 0.841859
0.401735 0.721955
0.226649 0.603167
0.420256 0.056816
0.026689 0.870194
0.103494 0.311955
0.013231 0.134128
0.934057 0.038903
0.557314 0.811575
0.205745 0.303174
0.957174 0.313252
0.772693 0.316665
0.473819 0.055229
0.698545 0.698661
0.591020 0.507727
0.983948 0.410146
0.647187 0.346188
0.871874 0.641488
0.198560 0.520342
0.582875 0.450152
0.216251 0.589182
0.716133 0.742960
0.494164 0.983262
0.967214 0.276507
0.450395 0.950460
0.259720 0.709708
0.841712 0.817298
0.865592 0.384030
0.778819 0.855174
0.597572 0.429842
0.829547 0.479316
0.697401 0.001391
0.927783 0.727986
0.614606 0.928292
0.267849 0.970464
0.473267 0.837986
0.357216 0.574557
0.657947 0.851512
0.924845 0.827839
0.615012 0.284004
0.438122 0.751581
0.661846 0.391700
0.568252 0.572289
0.324015 0.098840
0.062164 0.523002
0.479216 0.810686
0.128363 0.334971
0.376889 0.872999
0.624856 0.250085
0.423666 0.973648
0.049184 0.635350
0.477356 0.798657
0.573745 0.313001
0.275960 0.552807
0.144025 0.533271
0.543259 0.534040
0.963010 0.111562
0.258792 0.811267
0.521956 0.627782
0.557585 0.196756
0.705878 0.742781
0.733794 0.127149
0.401523 0.625347
0.862431 0.771267
0.466249 0.202911
0.624680 0.668173
0.878153 0.450116
0.024800 0.465627
0.380965 0.211608
0.820430 0.876850
0.961620 0.118902
0.653150 0.802668
0.054097 0.005887
0.062419 0.676440
0.450018 0.853525
0.793584 0.480764
0.514684 0.701516
0.069404 0.557829
0.456611 0.153177
0.784609 0.289360
0.079312 0.069519
0.904272 0.957480
0.655990 0.799469
0.699345 0.614389
0.310944 0.825426
0.836449 0.586623
0.565937 0.016804
0.754115 0.318768
0.515416 0.778942
0.203888 0.621829
0.431396 0.260753
0.312308 0.033093
0.466989 0.441683
0.028532 0.917130
0.526963 0.357065
0.362417 0.141723
0.304381 0.940634
0.389163 0.647842
0.944304 0.963990
0.599173 0.999381
0.788668 0.334993
0.805544 0.046247
0.180901 0.580558
0.486677 0.163454
0.364475 0.684053
0.137758 0.139287
0.096531 0.573470
0.932418 0.677123
0.715853 0.463769
0.754648 0.648429
0.053898 0.945269
0.451114 0.688496
0.758256 0.179690
0.975274 0.461856
0.309804 0.816431
0.947261 0.940905
0.258017 0.273881
0.037280 0.339143
0.973280 0.844048
0.495295 0.919496
0.520733 0.673521
0.096086 0.758572
0.097081 0.049744
0.746289 0.689301
0.839969 0.578814
0.008811 0.067237
0.718944 0.779495
0.840078 0.709929
0.647675 0.337870
0.906827 0.344109
0.919025 0.767998
0.951724 0.162035
0.557741 0.506230
0.810860 0.636203
0.209916 0.530249
0.851223 0.570725
0.744078 0.438669
0.792533 0.478014
0.825641 0.552993
0.105365 0.761058
0.344639 0.010944
0.436269 0.854364
0.726060 0.008685
0.800651 0.430792
0.832791 0.319142
0.605446 0.016840
0.383057 0.964641
0.916171 0.875534
0.547439 0.454291
0.766728 0.813949
0.664945 0.310016
0.725358 0.651456
0.823299 0.699874
0.376463 0.445178
0.385475 0.873273
0.855510 0.210721
0.412751 0.749917
0.083061 0.799086
0.333868 0.452803
0.883996 0.794795
0.140652 0.795303
0.749258 0.785605
0.852269 0.733347
0.600057 0.120771
0.983531 0.575962
0.548169 0.322697
0.277031 0.310871
0.311093 0.645895
0.014567 0.746608
0.637044 0.887527
0.810240 0.298570
0.822356 0.445426
0.905755 0.153658
0.162621 0.792302
0.637877 0.236629
0.968948 0.988996
0.928671 0.871011
0.601999 0.594941
0.361035 0.278423
0.829032 0.350628
0.645241 0.092329
0.692914 0.304724
0.056585 0.875797
0.997166 0.637558
0.729911 0.227479
0.457350 0.293088
0.533711 0.436088
0.546660 0.673032
0.614639 0.800799
0.072375 0.069706
0.602710 0.673542
0.559863 0.218221
0.898110 0.998833
0.592109 0.334029
0.422464 0.627789
0.355295 0.268421
0.710568 0.965205
0.774735 0.962430
0.242996 0.572020
0.790515 0.208683
0.475692 0.190269
0.518465 0.841113
0.109511 0.283536
0.269651 0.864037
0.760909 0.593217
0.660345 0.704945
0.344330 0.399317
0.334473 0.729473
0.157550 0.144276
0.141837 0.392361
0.873126 0.829269
0.967944 0.914810
0.382264 0.124666
0.795055 0.176502
0.711860 0.449806
0.989128 0.589642
0.041082 0.371971
0.253580 0.082748
0.180835 0.550421
0.168384 0.963493
0.747559 0.108575
0.741751 0.352788
0.662267 0.755906
0.941735 0.086349
0.536373 0.200830
0.746345 0.465399
0.967772 0.396874
0.853329 0.004713
0.763812 0.946597
0.824543 0.374079
0.632198 0.551244
0.104893 0.058360
0.936541 0.738832
0.052100 0.871690
0.700179 0.229333
0.841091 0.352916
0.160054 0.202861
0.865612 0.242285
0.821845 0.425231
0.049682 0.693453
0.148234 0.655006
0.302804 0.610246
0.724072 0.007096
0.205401 0.514225
0.985403 0.980222
0.894717 0.646915
0.373692 0.669037
0.036453 0.589724
0.082289 0.276388
0.713739 0.544859
0.399063 0.417237
0.042532 0.562202
0.017303 0.862923
0.331348 0.419936
0.586408 0.312975
0.643278 0.570810
0.204540 0.501378
0.689499 0.551303
0.517331 0.445195
0.086068 0.517523
0.579909 0.925652
0.139548 0.119545
0.663906 0.355292
0.492054 0.755002
0.746789 0.029507
0.152629 0.353057
0.507760 0.386761
0.669347 0.231544
0.272637 0.309016
0.455380 0.242850
0.499548 0.682366
0.572265 0.378281
0.077928 0.407615
0.594930 0.235937
0.925222 0.801488
0.535541 0.273789
0.108863 0.861416
0.187058 0.567448
0.995514 0.180308
0.662399 0.871251
0.735220 0.392425
0.351415 0.141632
0.725024 0.907485
0.995409 0.323339
0.564784 0.347332
0.087732 0.121915
0.417327 0.537971
0.349020 0.689977
0.615737 0.129529
0.596916 0.640146
0.822509 0.917639
0.932690 0.564121
0.038433 0.722007
0.800926 0.285208
0.283527 0.241366
0.143499 0.400736
0.827952 0.648785
0.565360 0.281145
0.437812 0.817229
0.157172 0.584111
0.218849 0.972545
0.378637 0.514957
0.290510 0.259482
0.196401 0.518670
0.703490 0.176108
0.491691 0.824218
0.725775 0.082950
0.605394 0.278443
0.865403 0.025415
0.772086 0.204683
0.772518 0.921516
0.109525 0.600344
0.469028 0.761679
0.776448 0.848032
0.191016 0.843345
0.889026 0.256419
0.497285 0.220350
0.795130 0.169906
0.196788 0.485505